DATE	r	dp	rf	inf	dc	rr	rrf	z1	z2	z3	z4
1970.1	0.00549587	-3.11006626	0.02475763	0.01895791	0.00493182	-0.01346204	0.00579972	.	.	.	.
1970.2	-0.10352886	-2.96115695	0.02250588	0.01398624	0.00369854	-0.11751510	0.00851963	.	.	.	.
1970.3	0.03126899	-2.94230526	0.02232303	0.00921666	0.02298667	0.02205233	0.01310637	-3.11006626	0.02475763	0.01895791	0.00493182
1970.4	0.03317555	-2.84429957	0.01951788	0.01366764	0.00644857	0.01950792	0.00585025	-2.96115695	0.02250588	0.01398624	0.00369854
1971.1	0.03129903	-2.82305709	0.01798712	0.01348335	0.02141431	0.01781568	0.00450377	-2.94230526	0.02232303	0.00921666	0.02298667
1971.2	0.04044112	-2.82656350	0.01402418	0.01769958	0.00330715	0.02274154	-0.00367539	-2.84429957	0.01951788	0.01366764	0.00644857
1971.3	-0.10509388	-2.68558935	0.01562630	0.01307208	0.01836590	-0.11816597	0.00255422	-2.82305709	0.01798712	0.01348335	0.02141431
1971.4	0.00927089	-2.66001747	0.01452005	0.01290340	0.01456655	-0.00363251	0.00161665	-2.82656350	0.01402418	0.01769958	0.00330715
1972.1	0.18075283	-2.81184528	0.01283957	0.01273903	-0.00215822	0.16801380	0.00010055	-2.68558935	0.01562630	0.01307208	0.01836590
1972.2	0.02717149	-2.81299414	0.01164932	0.01257878	0.02584766	0.01459271	-0.00092946	-2.66001747	0.01452005	0.01290340	0.01456655
1972.3	0.09639595	-2.88261790	0.00944434	0.02061929	0.00265561	0.07577667	-0.01117495	-2.81184528	0.01283957	0.01273903	-0.00215822
1972.4	-0.07852386	-2.78207356	0.00951655	0.02020271	0.01077775	-0.09872657	-0.01068616	-2.81299414	0.01164932	0.01257878	0.02584766
1973.1	0.13168243	-2.89491004	0.01763791	0.00796817	0.00845002	0.12371426	0.00966974	-2.88261790	0.00944434	0.02061929	0.00265561
1973.2	0.04837865	-2.92294660	0.01810342	0.02353050	0.00203430	0.02484815	-0.00542708	-2.78207356	0.00951655	0.02020271	0.01077775
1973.3	-0.06746547	-2.83439604	0.01845198	0.02298952	0.01932708	-0.09045499	-0.00453754	-2.89491004	0.01763791	0.00796817	0.00845002
1973.4	-0.10344014	-2.70036481	0.02412283	0.02616972	0.02169415	-0.12960986	-0.00204689	-2.92294660	0.01810342	0.02353050	0.00203430
1974.1	-0.02799832	-2.64411811	0.02725844	0.04332808	0.01166448	-0.07132640	-0.01606964	-2.83439604	0.01845198	0.02298952	0.01932708
1974.2	-0.14800129	-2.45888809	0.02866677	0.03813287	-0.00268306	-0.18613416	-0.00946610	-2.70036481	0.02412283	0.02616972	0.02169415
1974.3	-0.26374422	-2.15277812	0.03181230	0.03015304	-0.01334303	-0.29389725	0.00165926	-2.64411811	0.02725844	0.04332808	0.01166448
1974.4	0.12582351	-2.24134889	0.03150393	0.02927038	-0.00329396	0.09655313	0.00223355	-2.45888809	0.02866677	0.03813287	-0.00268306
1975.1	0.28791355	-2.49223343	0.02804182	0.02843794	0.00827257	0.25947561	-0.00039611	-2.15277812	0.03181230	0.03015304	-0.01334303
1975.2	-0.02955240	-2.41280183	0.02193403	0.02157249	0.01663763	-0.05112489	0.00036154	-2.24134889	0.03150393	0.02927038	-0.00329396
1975.3	0.05113978	-2.41260087	0.01766121	0.02409755	0.02243962	0.02704223	-0.00643634	-2.49223343	0.02804182	0.02843794	0.00827257
1975.4	0.09894719	-2.46683493	0.01672768	0.01769958	0.01131620	0.08124762	-0.00097190	-2.41280183	0.02193403	0.02157249	0.01663763
1976.1	0.04130316	-2.48263324	0.01562630	0.02882044	0.00568471	0.01248272	-0.01319414	-2.41260087	0.01766121	0.02409755	0.02243962
1976.2	-0.05885868	-2.42478663	0.01838231	0.01690181	0.01025555	-0.07576049	0.00148050	-2.46683493	0.01672768	0.01769958	0.01131620
1976.3	-0.10351777	-2.32176791	0.01838231	0.02754995	0.01090832	-0.13106772	-0.00916764	-2.48263324	0.01562630	0.02882044	0.00568471
1976.4	0.02878860	-2.34935181	0.02211716	0.02150621	-0.06195610	0.00728240	0.00061096	-2.42478663	0.01838231	0.01690181	0.01025555
1977.1	-0.15555500	-2.17739842	0.02482555	0.01844585	0.00432562	-0.17400084	0.00637970	-2.32176791	0.01838231	0.02754995	0.01090832
1977.2	0.10300144	-2.24524114	0.02321315	0.03085078	0.01300056	0.07215066	-0.00763762	-2.34935181	0.02211716	0.02150621	-0.06195610
1977.3	0.11743364	-2.32693926	0.02136087	0.02252911	-0.00512252	0.09490453	-0.00116824	-2.17739842	0.02482555	0.01844585	0.00432562
1977.4	-0.02796747	-2.26244173	0.01993374	0.01474228	0.00799635	-0.04270975	0.00519146	-2.24524114	0.02321315	0.03085078	0.01300056
1978.1	0.17813029	-2.40003256	0.02223155	0.02171376	0.01860898	0.15641653	0.00051779	-2.32693926	0.02136087	0.02252911	-0.00512252
1978.2	0.08515424	-2.43340018	0.02373662	0.02823717	-0.00255327	0.05691707	-0.00450055	-2.26244173	0.01993374	0.01474228	0.00799635
1978.3	0.22710370	-2.60712852	0.01868409	0.02293679	0.01123505	0.20416691	-0.00425270	-2.40003256	0.02223155	0.02171376	0.01860898
1978.4	-0.03460180	-2.51712823	0.01738152	0.02020271	0.00714019	-0.05480450	-0.00282119	-2.43340018	0.02373662	0.02823717	-0.00255327
1979.1	0.00031795	-2.45701915	0.01614244	0.02415046	0.00844446	-0.02383251	-0.00800802	-2.60712852	0.01868409	0.02293679	0.01123505
1979.2	0.12741560	-2.52697943	0.01637670	0.02991676	0.01418480	0.09749884	-0.01354006	-2.51712823	0.01738152	0.02020271	0.00714019
1979.3	0.18143533	-2.66114753	0.01926341	0.03109059	-0.00281840	0.15034474	-0.01182718	-2.45701915	0.01614244	0.02415046	0.00844446
1979.4	-0.06721944	-2.54373988	0.02609000	0.02618478	0.01619274	-0.09340422	-0.00009478	-2.52697943	0.01637670	0.02991676	0.01418480
1980.1	0.00016999	-2.53226244	0.02871135	0.04090151	-0.01045384	-0.04073153	-0.01219017	-2.66114753	0.01926341	0.03109059	-0.00281840
1980.2	0.09728550	-2.54176911	0.03046590	0.02822389	0.00117762	0.06906161	0.00224201	-2.54373988	0.02609000	0.02618478	0.01619274
1980.3	0.01442052	-2.47242487	0.02929015	0.03105272	0.00941622	-0.01663220	-0.00176257	-2.53226244	0.02871135	0.04090151	-0.01045384
1980.4	0.01877563	-2.41332673	0.02692195	0.02837070	-0.00106088	-0.00959507	-0.00144875	-2.54176911	0.03046590	0.02822389	0.00117762
1981.1	0.03268208	-2.33619358	0.02581959	0.02928719	0.01748591	0.00339488	-0.00346760	-2.47242487	0.02929015	0.03105272	0.00941622
1981.2	-0.29559328	-1.97297923	0.02770639	0.03339208	0.01347571	-0.32898537	-0.00568570	-2.41332673	0.02692195	0.02837070	-0.00106088
1981.3	0.15431210	-2.06649373	0.04543451	0.04023069	-0.01085495	0.11408141	0.00520383	-2.33619358	0.02581959	0.02928719	0.01748591
1981.4	0.04460332	-2.05181081	0.04091207	0.02646069	0.01152007	0.01814263	0.01445139	-1.97297923	0.02770639	0.03339208	0.01347571
1982.1	0.12430837	-2.17335669	0.03593849	0.03323569	0.00542020	0.09107268	0.00270280	-2.06649373	0.04543451	0.04023069	-0.01085495
1982.2	-0.01406850	-2.14412941	0.03650082	0.02639449	0.00604005	-0.04046299	0.01010633	-2.05181081	0.04091207	0.02646069	0.01152007
1982.3	0.01945943	-2.24719769	0.03706189	0.01007928	-0.00154820	0.00938015	0.02698262	-2.17335669	0.03593849	0.03323569	0.00542020
1982.4	0.02569991	-2.36972967	0.03299818	0.02266386	0.00095716	0.00303605	0.01033432	-2.14412941	0.03650082	0.02639449	0.00604005
1983.1	0.18978034	-2.61894103	0.03028878	0.02762607	-0.00236965	0.16215427	0.00266271	-2.24719769	0.03706189	0.01007928	-0.00154820
1983.2	0.09032779	-2.82334321	0.03020018	0.02422730	0.00312584	0.06610049	0.00597288	-2.36972967	0.03299818	0.02266386	0.00095716
1983.3	0.12413526	-2.94295009	0.02966788	0.02235465	-0.01725385	0.10178062	0.00731324	-2.61894103	0.03028878	0.02762607	-0.00236965
1983.4	0.11048805	-3.04925964	0.02957906	0.01548418	0.00522511	0.09500387	0.01409488	-2.82334321	0.03020018	0.02422730	0.00312584
1984.1	0.05481484	-3.09905043	0.02893412	0.02027953	-0.00272065	0.03453531	0.00865460	-2.94295009	0.02966788	0.02235465	-0.01725385
1984.2	0.06256345	-3.13006399	0.02940131	0.01617957	0.00523094	0.04638388	0.01322174	-3.04925964	0.02957906	0.01548418	0.00522511
1984.3	0.07192244	-3.16735131	0.02857759	0.01592195	0.00200433	0.05600049	0.01265563	-3.09905043	0.02893412	0.02027953	-0.00272065
1984.4	0.01844877	-3.15133401	0.02689950	0.01207744	0.01626149	0.00637133	0.01482206	-3.13006399	0.02940131	0.01617957	0.00523094
1985.1	0.12794281	-3.24457832	0.02597737	0.01784699	-0.00395203	0.11009581	0.00813037	-3.16735131	0.02857759	0.01592195	0.00200433
1985.2	0.06309874	-3.27894435	0.02534565	0.01521387	0.00201680	0.04788487	0.01013178	-3.15133401	0.02689950	0.01207744	0.01626149
1985.3	-0.07102350	-3.17951089	0.02432705	0.00694447	0.00869936	-0.07796798	0.01738257	-3.24457832	0.02597737	0.01784699	-0.00395203
1985.4	0.25409401	-3.40918923	0.02284836	0.00575045	-0.00825503	0.24834356	0.01709791	-3.27894435	0.02534565	0.01521387	0.00201680
1986.1	0.29910780	-3.68357356	0.02159029	0.00114613	0.01112276	0.29796167	0.02044416	-3.17951089	0.02432705	0.00694447	0.00869936
1986.2	0.00692000	-3.65998106	0.02044108	0.00912207	-0.00135089	-0.00220207	0.01131901	-3.40918923	0.02284836	0.00575045	-0.00825503
1986.3	0.07708140	-3.69949561	0.01749809	0.00565932	0.00726616	0.07142208	0.01183877	-3.68357356	0.02159029	0.00114613	0.01112276
1986.4	0.04873588	-3.71362307	0.01712485	0.00562748	0.00648490	0.04310840	0.01149738	-3.65998106	0.02044108	0.00912207	-0.00135089
1987.1	0.11785503	-3.80142125	0.01877687	0.01227009	0.00985943	0.10558494	0.00650678	-3.69949561	0.01749809	0.00565932	0.00726616
1987.2	-0.09862768	-3.67414849	0.01898550	0.00883008	0.00915145	-0.10745776	0.01015542	-3.71362307	0.01712485	0.00562748	0.00648490
1987.3	0.01663487	-3.66852796	0.01926341	0.00547947	0.01044735	0.01115540	0.01378394	-3.80142125	0.01877687	0.01227009	0.00985943
1987.4	-0.35422081	-3.28264131	0.01775437	0.00436206	0.00905108	-0.35858287	0.01339231	-3.67414849	0.01898550	0.00883008	0.00915145
1988.1	0.01708325	-3.27164389	0.01930970	0.00650762	0.00949807	0.01057563	0.01280208	-3.66852796	0.01926341	0.00547947	0.01044735
1988.2	0.25077428	-3.48033800	0.01817317	0.00968270	0.00956156	0.24109158	0.00849047	-3.28264131	0.01775437	0.00436206	0.00905108
1988.3	0.07476326	-3.51442207	0.01717154	0.00852884	0.00003999	0.06623442	0.00864270	-3.27164389	0.01930970	0.00650762	0.00949807
1988.4	0.11810920	-3.59637320	0.01812667	0.00529382	0.00272235	0.11281539	0.01283285	-3.48033800	0.01817317	0.00968270	0.00956156
1989.1	0.05489057	-3.60707829	0.01970280	0.00945882	0.00620764	0.04543175	0.01024398	-3.51442207	0.01717154	0.00852884	0.00003999
1989.2	0.06898954	-3.62140774	0.02027976	0.01144058	0.00720057	0.05754896	0.00883918	-3.59637320	0.01812667	0.00529382	0.00272235
1989.3	0.11618977	-3.68540550	0.02138382	0.00721281	-0.00558213	0.10897696	0.01417101	-3.60707829	0.01970280	0.00945882	0.00620764
1989.4	0.03518373	-3.66852796	0.02140677	0.00716116	0.01593880	0.02802257	0.01424562	-3.62140774	0.02027976	0.01144058	0.00720057
1990.1	-0.02328910	-3.59651908	0.02491608	0.00913248	0.00044356	-0.03242158	0.01578360	-3.68540550	0.02138382	0.00721281	-0.00558213
1990.2	0.04299148	-3.59995324	0.02425899	0.00604231	0.00121295	0.03694917	0.01821668	-3.66852796	0.02140677	0.00716116	0.01593880
1990.3	-0.29820390	-3.26235760	0.02346364	0.01395835	0.00527237	-0.31216225	0.00950529	-3.59651908	0.02491608	0.00913248	0.00044356
1990.4	0.02254690	-3.24691528	0.02334982	0.00197824	-0.00270204	0.02056866	0.02137158	-3.59995324	0.02425899	0.00604231	0.00121295
1991.1	0.17757280	-3.39251518	0.02319037	0.01081092	0.00299124	0.16676188	0.01237945	-3.26235760	0.02346364	0.01395835	0.00527237
1991.2	-0.02250127	-3.34924081	0.02239161	0.00778972	-0.00036734	-0.03029098	0.01460189	-3.24691528	0.02334982	0.00197824	-0.00270204
1991.3	0.08426945	-3.41413066	0.02357742	0.00580272	0.00698569	0.07846673	0.01777470	-3.39251518	0.02319037	0.01081092	0.00299124
1991.4	-0.03943754	-3.35521114	0.02202561	0.00576925	0.00298825	-0.04520678	0.01625637	-3.34924081	0.02239161	0.00778972	-0.00036734
1992.1	0.10592096	-3.43650337	0.02398659	0.00954206	-0.00412803	0.09637890	0.01444453	-3.41413066	0.02357742	0.00580272	0.00698569
1992.2	-0.00142101	-3.41185396	0.02366840	0.00473710	0.00632098	-0.00615811	0.01893130	-3.35521114	0.02202561	0.00576925	0.00298825
1992.3	-0.06993975	-3.31662648	0.02369114	0.00094473	0.00326605	-0.07088448	0.02274641	-3.43650337	0.02398659	0.00954206	-0.00412803
1992.4	0.07101376	-3.36346816	0.03172423	0.00377003	-0.01413763	0.06724373	0.02795420	-3.41185396	0.02366840	0.00473710	0.00632098
1993.1	0.09735717	-3.44461650	0.02394116	0.01215536	0.00120561	0.08520181	0.01178579	-3.31662648	0.02369114	0.00094473	0.00326605
1993.2	-0.01163745	-3.41519489	0.02611253	0.00185701	0.00262957	-0.01349446	0.02425551	-3.36346816	0.03172423	0.00377003	-0.01413763
1993.3	0.08781764	-3.48763801	0.01849842	0.00462750	0.00728880	0.08319014	0.01387092	-3.44461650	0.02394116	0.01215536	0.00120561
1993.4	0.09830569	-3.57323203	0.01766121	0.00184502	-0.00399706	0.09646067	0.01581619	-3.41519489	0.02611253	0.00185701	0.00262957
1994.1	-0.05858296	-3.50170303	0.01604868	0.00643089	0.01090018	-0.06501385	0.00961779	-3.48763801	0.01849842	0.00462750	0.00728880
1994.2	-0.08340335	-3.41055099	0.01527377	0.00456830	0.00661952	-0.08797165	0.01070547	-3.57323203	0.01766121	0.00184502	-0.00399706
1994.3	0.00293569	-3.41000606	0.01314811	0.00273100	0.00212780	0.00020469	0.01041711	-3.50170303	0.01604868	0.00643089	0.01090018
1994.4	0.00147092	-3.40644111	0.01293455	0.00181653	-0.00160830	-0.00034561	0.01111802	-3.41055099	0.01527377	0.00456830	0.00661952
1995.1	0.01371946	-3.41155079	0.01295829	0.00903349	0.01037085	0.00468597	0.00392480	-3.41000606	0.01314811	0.00273100	0.00212780
1995.2	0.01918871	-3.41027849	0.01794059	0.00269421	0.00052988	0.01649450	0.01524638	-3.40644111	0.01293455	0.00181653	-0.00160830
1995.3	-0.02282860	-3.36118852	0.01777766	0.00625840	-0.00330935	-0.02908700	0.01151925	-3.41155079	0.01295829	0.00903349	0.01037085
1995.4	0.05172775	-3.39004975	0.01366939	0.00267023	0.02357777	0.04905752	0.01099916	-3.41027849	0.01794059	0.00269421	0.00052988
1996.1	0.11372057	-3.47965634	0.01222135	0.01148930	-0.00664709	0.10223127	0.00073205	-3.36118852	0.01777766	0.00625840	-0.00330935
1996.2	0.05051249	-3.51748404	0.00990131	0.00263274	0.00721003	0.04787975	0.00726858	-3.39004975	0.01366939	0.00267023	0.02357777
1996.3	0.01061941	-3.51314622	0.00917940	-0.00087681	-0.00424356	0.01149622	0.01005620	-3.47965634	0.01222135	0.01148930	-0.00664709
1996.4	0.09298019	-3.58903412	0.00855204	0.00350263	-0.10045082	0.08947756	0.00504941	-3.51748404	0.00990131	0.00263274	0.00721003
1997.1	0.14015665	-3.71124777	0.00809260	0.00523105	-0.00285727	0.13492560	0.00286155	-3.51314622	0.00917940	-0.00087681	-0.00424356
1997.2	0.07502305	-3.75827241	0.00785044	0.00173762	0.00749655	0.07328543	0.00611282	-3.58903412	0.00855204	0.00350263	-0.10045082
1997.3	0.05203537	-3.78936299	0.00785044	0.00260078	0.01244926	0.04943459	0.00524966	-3.71124777	0.00809260	0.00523105	-0.00285727
1997.4	0.00300049	-3.77722991	0.00785044	0.00173010	0.00530676	0.00127039	0.00612034	-3.75827241	0.00785044	0.00173762	0.00749655
1998.1	0.25300755	-3.99518725	0.00831033	0.00258956	0.01188471	0.25041799	0.00572078	-3.78936299	0.00785044	0.00260078	0.01244926
1998.2	0.08365985	-4.03035619	0.00831033	0.00344234	0.00421893	0.08021751	0.00486799	-3.77722991	0.00785044	0.00173010	0.00530676
1998.3	-0.25162791	-3.72915993	0.00831033	-0.00344234	0.00349878	-0.24818556	0.01175268	-3.99518725	0.00831033	0.00258956	0.01188471
