DATE	r	dp	rf	inf	dc	rr	rrf	z1	z2	z3	z4
1977.1	0.06818001	-2.83580971	0.01665752	0.01358511	0.04127101	0.05459489	0.00307241	.	.	.	.
1977.2	0.04142789	-2.83003141	0.01499140	0.02077226	-0.01546630	0.02065563	-0.00578086	.	.	.	.
1977.3	-0.01162734	-2.77319691	0.00186800	0.01022653	0.01779606	-0.02185387	-0.00835853	-2.83580971	0.01665752	0.01358511	0.04127101
1977.4	-0.02380101	-2.70564809	0.00743824	0.00724116	0.00529986	-0.03104217	0.00019708	-2.83003141	0.01499140	0.02077226	-0.01546630
1978.1	0.02335318	-2.68848290	0.01300576	0.00862074	0.04439921	0.01473244	0.00438501	-2.77319691	0.00186800	0.01022653	0.01779606
1978.2	0.04471425	-2.70097529	0.01298202	0.00712761	-0.02958021	0.03758664	0.00585441	-2.70564809	0.00743824	0.00724116	0.00529986
1978.3	0.05433571	-2.72485054	0.00978114	0.01969121	-0.00604404	0.03464450	-0.00991007	-2.68848290	0.01300576	0.00862074	0.04439921
1978.4	-0.07690264	-2.62210189	0.01359837	0.00278164	0.01649808	-0.07968429	0.01081673	-2.70097529	0.01298202	0.00712761	-0.02958021
1979.1	0.09609260	-2.69546473	0.02448577	0.01379332	0.00110926	0.08229928	0.01069245	-2.72485054	0.00978114	0.01969121	-0.00604404
1979.2	0.03963409	-2.71359555	0.01724155	0.00546449	0.00333825	0.03416959	0.01177706	-2.62210189	0.01359837	0.00278164	0.01649808
1979.3	0.05471638	-2.74430452	0.01824290	0.01755616	0.01063625	0.03716022	0.00068675	-2.69546473	0.02448577	0.01379332	0.00110926
1979.4	-0.04827680	-2.66275184	0.02243732	0.00932718	-0.00555535	-0.05760398	0.01311014	-2.71359555	0.01724155	0.00546449	0.00333825
1980.1	-0.03682997	-2.58391406	0.03688939	0.02359218	-0.00668682	-0.06042216	0.01329721	-2.74430452	0.01824290	0.01755616	0.01063625
1980.2	0.11740785	-2.64658358	0.02268859	0.01287019	-0.00087633	0.10453766	0.00981840	-2.66275184	0.02243732	0.00932718	-0.00555535
1980.3	0.04566051	-2.64042426	0.02602243	0.02150621	0.00421366	0.02415430	0.00451622	-2.58391406	0.03688939	0.02359218	-0.00668682
1980.4	0.11476604	-2.71317330	0.02350916	0.00748133	-0.01828493	0.10728471	0.01602783	-2.64658358	0.02268859	0.01287019	-0.00087633
1981.1	-0.01949887	-2.65639272	0.02062531	0.02089812	-0.00708305	-0.04039699	-0.00027281	-2.64042426	0.02602243	0.02150621	0.00421366
1981.2	0.00928278	-2.63149202	0.02360017	0.01449301	-0.00469843	-0.00521023	0.00910716	-2.71317330	0.02350916	0.00748133	-0.01828493
1981.3	-0.12546119	-2.47125230	0.02737050	0.02252615	-0.01034179	-0.14798733	0.00484436	-2.65639272	0.02062531	0.02089812	-0.00708305
1981.4	0.13448281	-2.57341005	0.02813120	0.01165514	-0.00567082	0.12282767	0.01647605	-2.63149202	0.02360017	0.01449301	-0.00469843
1982.1	0.04826336	-2.58307972	0.02557145	0.01950722	0.00357041	0.02875614	0.00606423	-2.47125230	0.02737050	0.02252615	-0.01034179
1982.2	-0.00950503	-2.53256446	0.01868409	0.00792307	0.00938042	-0.01742810	0.01076101	-2.57341005	0.02813120	0.01165514	-0.00567082
1982.3	0.05674416	-2.54895889	0.01956412	0.01232509	-0.00854467	0.04441908	0.00723904	-2.58307972	0.02557145	0.01950722	0.00357041
1982.4	0.12441610	-2.63165877	0.01777766	0.00222470	0.00381900	0.12219140	0.01555296	-2.53256446	0.01868409	0.00792307	0.00938042
1983.1	0.23248617	-2.83552000	0.01264951	0.00332779	0.01013309	0.22915838	0.00932172	-2.54895889	0.01956412	0.01232509	-0.00854467
1983.2	0.14090216	-2.96055820	0.01086064	0.00662254	0.00994403	0.13427962	0.00423810	-2.63165877	0.01777766	0.00222470	0.00381900
1983.3	0.04745499	-2.99132201	0.01205464	0.01311494	-0.00783672	0.03434005	-0.00106030	-2.83552000	0.01264951	0.00332779	0.01013309
1983.4	0.05105617	-3.02456394	0.01378771	0.00649353	0.01471635	0.04456264	0.00729418	-2.96055820	0.01086064	0.00662254	0.00994403
1984.1	0.09427146	-3.09495610	0.01397691	0.01286191	-0.00492736	0.08140955	0.00111499	-2.99132201	0.01205464	0.01311494	-0.00783672
1984.2	-0.01057573	-3.04236277	0.01470870	0.00318980	0.00200897	-0.01376552	0.01151890	-3.02456394	0.01378771	0.00649353	0.01471635
1984.3	0.16314893	-3.16554835	0.01390598	0.00423729	-0.00287891	0.15891164	0.00966868	-3.09495610	0.01397691	0.01286191	-0.00492736
1984.4	0.01066790	-3.13547722	0.01416596	0.00737233	0.02590539	0.00329556	0.00679363	-3.04236277	0.01470870	0.00318980	0.00200897
1985.1	0.12411936	-3.21167680	0.01369306	0.00835951	0.00043721	0.11575986	0.00533355	-3.16554835	0.01390598	0.00423729	-0.00287891
1985.2	0.02096568	-3.17557690	0.01668091	0.00415369	0.00886798	0.01681198	0.01252722	-3.13547722	0.01416596	0.00737233	0.02590539
1985.3	-0.01428150	-3.10127058	0.01654055	0.00310399	0.00410842	-0.01738548	0.01343656	-3.21167680	0.01369306	0.00835951	0.00043721
1985.4	0.09908668	-3.14163704	0.01395327	0.00000000	-0.00769152	0.09908668	0.01395327	-3.17557690	0.01668091	0.00415369	0.00886798
1986.1	0.05489909	-3.14332782	0.01402418	0.00000000	0.02179677	0.05489909	0.01402418	-3.10127058	0.01654055	0.00310399	0.00410842
1986.2	0.03550420	-3.13272106	0.01388233	-0.00103359	0.00318972	0.03653779	0.01491592	-3.14163704	0.01395327	0.00000000	-0.00769152
1986.3	0.00544813	-3.09356563	0.01496785	-0.00414508	0.01418848	0.00959322	0.01911293	-3.14332782	0.01402418	0.00000000	0.02179677
1986.4	0.02185444	-3.08000558	0.01293455	0.00517868	0.00363217	0.01667577	0.00775587	-3.13272106	0.01388233	-0.00103359	0.00318972
1987.1	0.08156340	-3.13435087	0.01496785	-0.01247417	0.00707360	0.09403757	0.02744202	-3.09356563	0.01496785	-0.00414508	0.01418848
1987.2	0.11703698	-3.23869595	0.01347996	0.00104548	-0.00051445	0.11599150	0.01243448	-3.08000558	0.01293455	0.00517868	0.00363217
1987.3	0.01391178	-3.24375783	0.01264951	0.00625002	0.01338619	0.00766176	0.00639949	-3.13435087	0.01496785	-0.01247417	0.00707360
1987.4	-0.34291293	-2.88474561	0.01191166	-0.00207900	-0.02092230	-0.34083393	0.01399067	-3.23869595	0.01347996	0.00104548	-0.00051445
1988.1	0.11169163	-2.98090278	0.01100422	0.00104004	-0.00041631	0.11065159	0.00996418	-3.24375783	0.01264951	0.00625002	0.01338619
1988.2	0.07337034	-3.03676262	0.00987728	0.00207684	0.01068663	0.07129350	0.00780044	-2.88474561	0.01191166	-0.00207900	-0.02092230
1988.3	0.03786017	-3.05813973	0.00724403	0.00723517	-0.00135791	0.03062500	0.00000885	-2.98090278	0.01100422	0.00104004	-0.00041631
1988.4	0.03949471	-3.08203118	0.01295829	0.00102934	0.01146629	0.03846538	0.01192895	-3.03676262	0.00987728	0.00207684	0.01068663
1989.1	0.11460644	-3.17268427	0.01362205	-0.00309119	0.00925404	0.11769763	0.01671324	-3.05813973	0.00724403	0.00723517	-0.00135791
1989.2	0.06540658	-3.19550115	0.01541485	0.00411947	0.00849750	0.06128711	0.01129537	-3.08203118	0.01295829	0.00102934	0.01146629
1989.3	0.07201736	-3.22122859	0.01635328	0.01124181	0.00333400	0.06077554	0.00511147	-3.17268427	0.01362205	-0.00309119	0.00925404
1989.4	0.01650799	-3.18977829	0.01745147	0.00101574	-0.03020039	0.01549225	0.01643572	-3.19550115	0.01541485	0.00411947	0.00849750
1990.1	-0.02037619	-3.12338384	0.02023365	0.00708147	0.05016212	-0.02745766	0.01315219	-3.22122859	0.01635328	0.01124181	0.00333400
1990.2	0.00155978	-3.09008691	0.01979520	0.00301963	0.00771889	-0.00145985	0.01677557	-3.18977829	0.01745147	0.00101574	-0.03020039
1990.3	-0.13398864	-2.92985090	0.01914765	0.01595248	0.01187494	-0.14994112	0.00319517	-3.12338384	0.02023365	0.00708147	0.05016212
1990.4	0.01083608	-2.93937084	0.01954101	0.00000000	0.01149056	0.01083608	0.01954101	-3.09008691	0.01979520	0.00301963	0.00771889
1991.1	0.15672679	-3.10007109	0.02207139	0.00886269	-0.00827514	0.14786410	0.01320870	-2.92985090	0.01914765	0.01595248	0.01187494
1991.2	0.03678506	-3.13981052	0.02177368	0.00488999	0.01091656	0.03189507	0.01688369	-2.93937084	0.01954101	0.00000000	0.01149056
1991.3	-0.00570625	-3.13324874	0.02145266	0.01932427	0.00761859	-0.02503052	0.00212839	-3.10007109	0.02207139	0.00886269	-0.00827514
1991.4	0.00093456	-3.11055968	0.02154442	0.00286670	0.01746764	-0.00193214	0.01867772	-3.13981052	0.02177368	0.00488999	0.01091656
1992.1	0.06612476	-3.15439981	0.02289399	0.01044148	-0.00564997	0.05568328	0.01245251	-3.13324874	0.02145266	0.01932427	0.00761859
1992.2	0.02404460	-3.16516919	0.02264292	0.00094384	0.00041654	0.02310076	0.02169908	-3.11055968	0.02154442	0.00286670	0.01746764
1992.3	-0.02721705	-3.12011705	0.02241447	0.01405175	0.01348716	-0.04126880	0.00836271	-3.15439981	0.02289399	0.01044148	-0.00564997
1992.4	0.03023721	-3.13132293	0.02214004	-0.00279460	-0.01647499	0.03303181	0.02493464	-3.16516919	0.02264292	0.00094384	0.00041654
1993.1	0.11424255	-3.22774000	0.02083240	0.01205392	-0.00384286	0.10218863	0.00877848	-3.12011705	0.02241447	0.01405175	0.01348716
1993.2	0.05346493	-3.26638681	0.01940224	-0.00092208	-0.01052022	0.05438702	0.02032433	-3.13132293	0.02214004	-0.00279460	-0.01647499
1993.3	0.07043330	-3.32557056	0.01705481	0.01918743	0.02552604	0.05124587	-0.00213262	-3.22774000	0.02083240	0.01205392	-0.00384286
1993.4	0.13744709	-3.45434503	0.01581411	-0.00453516	0.01614071	0.14198225	0.02034927	-3.26638681	0.01940224	-0.00092208	-0.01052022
1994.1	-0.03993697	-3.40403139	0.01421320	0.01533634	0.00932318	-0.05527331	-0.00112314	-3.32557056	0.01705481	0.01918743	0.02552604
1994.2	-0.03408433	-3.34850057	0.01343258	0.00000000	0.00224698	-0.03408433	0.01343258	-3.45434503	0.01581411	-0.00453516	0.01614071
1994.3	0.04154397	-3.36618744	0.01219754	0.01598613	0.00292929	0.02555784	-0.00378859	-3.40403139	0.01421320	0.01533634	0.00932318
1994.4	0.03982630	-3.38148299	0.01200699	-0.00530037	-0.00461358	0.04512666	0.01730736	-3.34850057	0.01343258	0.00000000	0.00224698
1995.1	-0.03458109	-3.31557948	0.01260198	0.01232410	0.00822014	-0.04690519	0.00027788	-3.36618744	0.01219754	0.01598613	0.00292929
1995.2	0.07183589	-3.35137917	0.01203082	-0.00175131	0.00650816	0.07358721	0.01378213	-3.38148299	0.01200699	-0.00530037	-0.00461358
1995.3	0.06975645	-3.38428127	0.01006946	0.00959449	0.00059333	0.06016196	0.00047497	-3.31557948	0.01260198	0.01232410	0.00822014
1995.4	0.06702480	-3.41501237	0.00951655	-0.00347826	0.01682419	0.07050307	0.01299481	-3.35137917	0.01203082	-0.00175131	0.00650816
1996.1	0.08894268	-3.46778600	0.00874524	0.01641506	0.00355669	0.07252762	-0.00766981	-3.38428127	0.01006946	0.00959449	0.00059333
1996.2	0.08622173	-3.52106258	0.00760805	-0.00515465	0.00713622	0.09137638	0.01276270	-3.41501237	0.00951655	-0.00347826	0.01682419
1996.3	0.02971316	-3.51873170	0.00675783	0.01198644	0.00431298	0.01772671	-0.00522861	-3.46778600	0.00874524	0.01641506	0.00355669
1996.4	0.12108868	-3.60486924	0.00673350	0.00170068	0.00506929	0.11938800	0.00503282	-3.52106258	0.00760805	-0.00515465	0.00713622
1997.1	0.13796206	-3.71022567	0.00709827	0.01098448	0.01136656	0.12697758	-0.00388621	-3.51873170	0.00675783	0.01198644	0.00431298
1997.2	0.17157148	-3.85050467	0.00746251	-0.00252419	0.00306625	0.17409567	0.00998670	-3.60486924	0.00673350	0.00170068	0.00506929
1997.3	0.07547846	-3.89177930	0.00748677	0.01587998	0.00710291	0.05959848	-0.00839321	-3.71022567	0.00709827	0.01098448	0.01136656
1997.4	-0.00807149	-3.84431763	0.00763230	-0.00082953	0.00866052	-0.00724196	0.00846183	-3.85050467	0.00746251	-0.00252419	0.00306625
1998.1	0.16679751	-3.96769429	0.00772928	0.00990925	0.01354225	0.15688827	-0.00217997	-3.89177930	0.00748677	0.01587998	0.00710291
1998.2	0.04444646	-3.96079317	0.00876938	-0.00246812	0.01032402	0.04691458	0.01123750	-3.84431763	0.00763230	-0.00082953	0.00866052
1998.3	-0.25919569	-3.64869766	0.00736543	0.00983614	0.00791584	-0.26903183	-0.00247072	-3.96769429	0.00772928	0.00990925	0.01354225
1998.4	0.18530377	-3.79713304	0.00799576	-0.00081599	0.00853229	0.18611977	0.00881175	-3.96079317	0.00876938	-0.00246812	0.01032402
