DATE	r	dp	rf	inf	dc	rr	rrf	z1	z2	z3	z4
1970.1	-0.03115120	-3.02796625	0.01854485	0.02105341	0.00807442	-0.05220461	-0.00250856	.	.	.	.
1970.2	-0.10726344	-2.89117408	0.01801039	0.01379332	0.00527539	-0.12105676	0.00421707	.	.	.	.
1970.3	0.09798660	-2.96102172	0.01661074	0.02033968	0.00035104	0.07764691	-0.00372895	-3.02796625	0.01854485	0.02105341	0.00807442
1970.4	-0.00540961	-2.84417925	0.01649375	0.01993421	-0.00594966	-0.02534382	-0.00344047	-2.89117408	0.01801039	0.01379332	0.00527539
1971.1	0.07386366	-2.88926637	0.01649375	0.02597549	0.02487265	0.04788817	-0.00948174	-2.96102172	0.01661074	0.02033968	0.00035104
1971.2	0.16438075	-3.03713777	0.01614244	0.03774033	0.00786895	0.12664042	-0.02159789	-2.84417925	0.01649375	0.01993421	-0.00594966
1971.3	0.05134974	-3.07043427	0.01364572	0.00615387	-0.00209785	0.04519588	0.00749185	-2.88926637	0.01649375	0.02597549	0.02487265
1971.4	0.05313784	-3.10423104	0.01181630	0.01823759	0.01337691	0.03490025	-0.00642129	-3.03713777	0.01614244	0.03774033	0.00786895
1972.1	0.09672009	-3.18292970	0.01086064	0.01197619	0.01318350	0.08474390	-0.00111555	-3.07043427	0.01364572	0.00615387	-0.00209785
1972.2	-0.01533397	-3.14196108	0.01062115	0.01769958	0.01656550	-0.03303354	-0.00707842	-3.10423104	0.01181630	0.01823759	0.01337691
1972.3	-0.03545724	-3.07655195	0.01269704	0.02312242	0.00500621	-0.05857966	-0.01042538	-3.18292970	0.01086064	0.01197619	0.01318350
1972.4	0.08828923	-3.13552322	0.01560282	0.01699758	0.04085404	0.07129165	-0.00139476	-3.14196108	0.01062115	0.01769958	0.01656550
1973.1	-0.10130099	-3.00934450	0.01868409	0.02222314	0.01297261	-0.12352413	-0.00353905	-3.07655195	0.01269704	0.02312242	0.00500621
1973.2	0.00409660	-2.98824041	0.01940224	0.03243528	0.00194928	-0.02833868	-0.01303303	-3.13552322	0.01560282	0.01699758	0.04085404
1973.3	-0.04407624	-2.92343022	0.01705481	0.01583147	-0.01136913	-0.05990771	0.00122334	-3.00934450	0.01868409	0.02222314	0.01297261
1973.4	-0.13550019	-2.76194160	0.02599990	0.03093030	0.01413338	-0.16643049	-0.00493040	-2.98824041	0.01940224	0.03243528	0.00194928
1974.1	-0.17137331	-2.55603322	0.02935685	0.04467244	-0.00589309	-0.21604575	-0.01531559	-2.92343022	0.01705481	0.01583147	-0.01136913
1974.2	-0.10897259	-2.41294698	0.02822054	0.06119556	0.00080557	-0.17016815	-0.03297502	-2.76194160	0.02599990	0.03093030	0.01413338
1974.3	-0.30893703	-2.05443678	0.02660749	0.01810004	-0.00876316	-0.32703708	0.00850744	-2.55603322	0.02935685	0.04467244	-0.00589309
1974.4	-0.09285679	-1.90341308	0.02622510	0.05241374	-0.01250483	-0.14527053	-0.02618864	-2.41294698	0.02822054	0.06119556	0.00080557
1975.1	0.58083590	-2.45242010	0.02606748	0.06187540	-0.00381198	0.51896049	-0.03580792	-2.05443678	0.02660749	0.01810004	-0.00876316
1975.2	0.11600724	-2.52404257	0.02266576	0.09893995	-0.01501274	0.01706729	-0.07627419	-1.90341308	0.02622510	0.05241374	-0.01250483
1975.3	0.13824601	-2.61846090	0.02252872	0.02150621	-0.00526070	0.11673981	0.00102252	-2.45242010	0.02606748	0.06187540	-0.00381198
1975.4	0.10268654	-2.68547202	0.02464439	0.03826554	0.00990283	0.06442101	-0.01362115	-2.52404257	0.02266576	0.09893995	-0.01501274
1976.1	0.06216790	-2.70337614	0.02568427	0.03356020	0.00570685	0.02860770	-0.00787593	-2.61846090	0.02252872	0.02150621	-0.00526070
1976.2	-0.02671468	-2.63636695	0.02030281	0.03247039	0.00878422	-0.05918507	-0.01216757	-2.68547202	0.02464439	0.03826554	0.00990283
1976.3	-0.12506335	-2.46786076	0.02599990	0.03144913	0.01258232	-0.15651248	-0.00544924	-2.70337614	0.02568427	0.03356020	0.00570685
1976.4	0.14672460	-2.56521039	0.02844375	0.04539357	-0.01400247	0.10133103	-0.01694982	-2.63636695	0.02030281	0.03247039	0.00878422
1977.1	0.14587021	-2.66371279	0.03227414	0.04625102	-0.00529619	0.09961919	-0.01397687	-2.46786076	0.02599990	0.03144913	0.01258232
1977.2	0.09784877	-2.71106474	0.02364566	0.04149973	0.01071869	0.05634904	-0.01785407	-2.56521039	0.02844375	0.04539357	-0.01400247
1977.3	0.16969045	-2.82847359	0.01796386	0.01078178	0.00917727	0.15890868	0.00718208	-2.66371279	0.03227414	0.04625102	-0.00529619
1977.4	-0.05096072	-2.73181537	0.01381137	0.01595779	0.01907412	-0.06691850	-0.00214642	-2.71106474	0.02364566	0.04149973	0.01071869
1978.1	-0.02206362	-2.66315332	0.01543835	0.01570713	-0.01022178	-0.03777075	-0.00026878	-2.82847359	0.01796386	0.01078178	0.00917727
1978.2	0.03261723	-2.64878650	0.01440208	0.02817088	0.02389670	0.00444635	-0.01376880	-2.73181537	0.01381137	0.01595779	0.01907412
1978.3	0.08977489	-2.69333402	0.02193403	0.01503788	-0.00474777	0.07473701	0.00689615	-2.66315332	0.01543835	0.01570713	-0.01022178
1978.4	-0.01224365	-2.63121417	0.02149855	0.02214113	0.01113898	-0.03438477	-0.00064258	-2.64878650	0.01440208	0.02817088	0.02389670
1979.1	0.20864698	-2.79591467	0.02737050	0.02877896	0.05233739	0.17986802	-0.00140846	-2.69333402	0.02193403	0.01503788	-0.00474777
1979.2	-0.05762593	-2.68818875	0.02687705	0.04393770	-0.05076990	-0.10156364	-0.01706065	-2.63121417	0.02149855	0.02214113	0.01113898
1979.3	0.04598242	-2.67541846	0.02960127	0.05929289	0.01195765	-0.01331047	-0.02969162	-2.79591467	0.02737050	0.02877896	0.05233739
1979.4	-0.07051474	-2.52875823	0.03139371	0.02526450	0.00448028	-0.09577924	0.00612920	-2.68818875	0.02687705	0.04393770	-0.05076990
1980.1	0.05459140	-2.49574517	0.03688939	0.05264373	-0.03467275	0.00194767	-0.01575434	-2.67541846	0.02960127	0.05929289	0.01195765
1980.2	0.13039561	-2.53224986	0.03749263	0.05188484	-0.00795366	0.07851077	-0.01439220	-2.52875823	0.03139371	0.02526450	0.00448028
1980.3	0.08393022	-2.53362222	0.03667359	0.01671348	-0.02063810	0.06721674	0.01996011	-2.49574517	0.03688939	0.05264373	-0.03467275
1980.4	0.02910530	-2.49852699	0.03363272	0.02005537	0.01620570	0.00904993	0.01357736	-2.53224986	0.03749263	0.05188484	-0.00795366
1981.1	0.04562707	-2.49527219	0.03070923	0.03022452	0.00969164	0.01540255	0.00048470	-2.53362222	0.03667359	0.01671348	-0.02063810
1981.2	0.05223470	-2.51928694	0.02728086	0.04117220	0.00519882	0.01106251	-0.01389134	-2.49852699	0.03363272	0.02005537	0.01620570
1981.3	-0.10579950	-2.38597757	0.02853298	0.01666705	0.00192735	-0.12246655	0.01186593	-2.49527219	0.03070923	0.03022452	0.00969164
1981.4	0.14740656	-2.51023677	0.03266933	0.02610262	0.00132129	0.12130394	0.00656671	-2.51928694	0.02728086	0.04117220	0.00519882
1982.1	0.05942013	-2.54124846	0.03387299	0.01438874	0.00647618	0.04503139	0.01948425	-2.38597757	0.02853298	0.01666705	0.00192735
1982.2	0.02178595	-2.52318189	0.02940131	0.02971290	0.01037598	-0.00792694	-0.00031159	-2.51023677	0.03266933	0.02610262	0.00132129
1982.3	0.13100370	-2.61773429	0.02884504	0.00000000	0.01024013	0.13100370	0.02884504	-2.54124846	0.03387299	0.01438874	0.00647618
1982.4	0.05827363	-2.64000378	0.02362292	0.00767463	0.01089153	0.05059899	0.01594828	-2.52318189	0.02940131	0.02971290	0.01037598
1983.1	0.09470545	-2.70342093	0.02373662	0.00761618	0.01317995	0.08708927	0.01612044	-2.61773429	0.02884504	0.00000000	0.01024013
1983.2	0.14031657	-2.81770325	0.02489345	0.01953481	0.01020979	0.12078177	0.00535865	-2.64000378	0.02362292	0.00767463	0.01089153
1983.3	-0.01626455	-2.77180503	0.02262009	0.01623652	-0.00309169	-0.03250107	0.00638357	-2.70342093	0.02373662	0.00761618	0.01317995
1983.4	0.06384578	-2.80085652	0.02191113	0.00874641	0.01172288	0.05509937	0.01316472	-2.81770325	0.02489345	0.01953481	0.01020979
1984.1	0.12434281	-2.88204651	0.02124608	0.00723069	0.00477377	0.11711212	0.01401539	-2.77180503	0.02262009	0.01623652	-0.00309169
1984.2	-0.04326560	-2.78430509	0.02023365	0.01855871	-0.00624519	-0.06182431	0.00167495	-2.80085652	0.02191113	0.00874641	0.01172288
1984.3	0.10690273	-2.83240667	0.02122312	0.00985230	0.01109289	0.09705043	0.01137082	-2.88204651	0.02124608	0.00723069	0.00477377
1984.4	0.10250153	-2.87572948	0.02387300	0.00975617	0.01563379	0.09274536	0.01411682	-2.78430509	0.02023365	0.01855871	-0.00624519
1985.1	0.05895358	-2.87633277	0.02177368	0.02059098	0.00148715	0.03836260	0.00118270	-2.83240667	0.02122312	0.00985230	0.01109289
1985.2	-0.01637535	-2.80782634	0.03039949	0.02681126	0.01362338	-0.04318660	0.00358824	-2.87572948	0.02387300	0.00975617	0.01563379
1985.3	0.06566507	-2.82915061	0.02808651	0.00000000	0.00556559	0.06566507	0.02808651	-2.87633277	0.02177368	0.02059098	0.00148715
1985.4	0.11396152	-2.89940443	0.02622510	0.00659198	0.03038163	0.10736954	0.01963312	-2.80782634	0.03039949	0.02681126	0.01362338
1986.1	0.18370310	-3.03943341	0.02642761	0.00785344	0.02802449	0.17584966	0.01857417	-2.82915061	0.02808651	0.00000000	0.00556559
1986.2	0.00915001	-2.99837576	0.02622510	0.01037623	0.01225760	-0.00122622	0.01584887	-2.89940443	0.02622510	0.00659198	0.03038163
1986.3	-0.05481000	-2.87778925	0.02227729	0.00514802	0.00322011	-0.05995801	0.01712928	-3.03943341	0.02642761	0.00785344	0.02802449
1986.4	0.09182685	-2.97012301	0.02293961	0.01402190	0.01175321	0.07780495	0.00891771	-2.99837576	0.02622510	0.01037623	0.01225760
1987.1	0.18821913	-3.19826470	0.02532306	0.01007565	0.00480362	0.17814348	0.01524741	-2.87778925	0.02227729	0.00514802	0.00322011
1987.2	0.14895348	-3.39833149	0.02234589	0.01245346	0.01463772	0.13650002	0.00989243	-2.97012301	0.02293961	0.01402190	0.01175321
1987.3	0.04437280	-3.51203956	0.02048715	0.00493828	0.01745056	0.03943452	0.01554886	-3.19826470	0.02532306	0.01007565	0.00480362
1987.4	-0.31169612	-3.19699203	0.02312200	0.00858374	0.02616282	-0.32027986	0.01453826	-3.39833149	0.02234589	0.01245346	0.01463772
1988.1	0.03095395	-3.18769213	0.01967969	0.00729930	0.00511702	0.02365464	0.01238039	-3.51203956	0.02048715	0.00493828	0.01745056
1988.2	0.06718190	-3.19220955	0.01986448	0.02395324	0.01672707	0.04322866	-0.00408876	-3.19699203	0.02312200	0.00858374	0.02616282
1988.3	0.00233328	-3.13029277	0.02126904	0.01643229	-0.00098016	-0.01409902	0.00483675	-3.18769213	0.01967969	0.00729930	0.00511702
1988.4	0.00298155	-3.07039117	0.02728086	0.01845496	0.00648954	-0.01547341	0.00882589	-3.19220955	0.01986448	0.02395324	0.01672707
1989.1	0.15841813	-3.16652059	0.02953463	0.01699758	0.00742972	0.14142056	0.01253706	-3.13029277	0.02126904	0.01643229	-0.00098016
1989.2	0.03609468	-3.15430605	0.02924568	0.02770260	-0.00855387	0.00839208	0.00154308	-3.07039117	0.02728086	0.01845496	0.00648954
1989.3	0.07300043	-3.17653498	0.03185632	0.00978801	0.00159648	0.06321242	0.02206832	-3.16652059	0.02953463	0.01699758	0.00742972
1989.4	0.05476182	-3.17483502	0.03152597	0.01929320	0.00507389	0.03546862	0.01223277	-3.15430605	0.02924568	0.02770260	-0.00855387
1990.1	-0.06430388	-3.05679949	0.03385116	0.02204814	-0.00533560	-0.08635202	0.01180302	-3.17653498	0.03185632	0.00978801	0.00159648
1990.2	0.07003899	-3.07451577	0.03400395	0.04268941	-0.01476256	0.02734958	-0.00868546	-3.17483502	0.03152597	0.01929320	0.00507389
1990.3	-0.16973431	-2.85449316	0.03358901	0.01970507	0.00649726	-0.18943938	0.01388394	-3.05679949	0.03385116	0.02204814	-0.00533560
1990.4	0.09689982	-2.91096842	0.03332659	0.00486619	-0.01108956	0.09203364	0.02846040	-3.07451577	0.03400395	0.04268941	-0.01476256
1991.1	0.16074375	-3.03472261	0.03046590	0.01158314	-0.00642787	0.14916061	0.01888276	-2.85449316	0.03358901	0.01970507	0.00649726
1991.2	-0.01509435	-2.98253968	0.02752731	0.01995316	0.00739086	-0.03504750	0.00757415	-2.91096842	0.03332659	0.00486619	-0.01108956
1991.3	0.09978651	-3.05168906	0.02545858	0.00375587	-0.00458777	0.09603064	0.02170270	-3.03472261	0.03046590	0.01158314	-0.00642787
1991.4	-0.05228010	-2.96667845	0.02305362	0.00839949	-0.00162944	-0.06067959	0.01465413	-2.98253968	0.02752731	0.01995316	0.00739086
1992.1	-0.00334158	-2.93591739	0.02405471	0.00740744	-0.00296297	-0.01074902	0.01664727	-3.05168906	0.02545858	0.00375587	-0.00458777
1992.2	0.04383218	-2.96413671	0.02405471	0.01828204	0.00620865	0.02555013	0.00577267	-2.96667845	0.02305362	0.00839949	-0.00162944
1992.3	0.01086674	-2.96067406	0.02250588	0.00090539	0.00767064	0.00996136	0.02160049	-2.93591739	0.02405471	0.00740744	-0.00296297
1992.4	0.13265151	-3.08508822	0.02191113	-0.00090539	0.00771765	0.13355689	0.02281651	-2.96413671	0.02405471	0.01828204	0.00620865
1993.1	0.03301399	-3.11783211	0.01548535	0.00000000	0.00099954	0.03301399	0.01548535	-2.96067406	0.02250588	0.00090539	0.00767064
1993.2	0.02598641	-3.13752628	0.01310067	0.01260143	0.00893506	0.01338498	0.00049924	-3.08508822	0.02191113	-0.00090539	0.00771765
1993.3	0.06300860	-3.19340303	0.01264951	0.00624166	0.00918633	0.05676694	0.00640785	-3.11783211	0.01548535	0.00000000	0.00099954
1993.4	0.12978539	-3.31266466	0.01257820	0.00000000	0.00519483	0.12978539	0.01257820	-3.13752628	0.01310067	0.01260143	0.00893506
1994.1	-0.07650099	-3.21080845	0.01188783	0.00443460	0.00811913	-0.08093558	0.00745323	-3.19340303	0.01264951	0.00624166	0.00918633
1994.2	-0.05041263	-3.13164364	0.01179245	0.01493221	0.00519563	-0.06534484	-0.00313975	-3.31266466	0.01257820	0.00000000	0.00519483
1994.3	0.04232742	-3.14038817	0.01191166	0.00261210	0.00841572	0.03971532	0.00929956	-3.21080845	0.01188783	0.00443460	0.00811913
1994.4	0.02414612	-3.12956085	0.01312439	0.00693244	0.00020343	0.01721369	0.00619196	-3.13164364	0.01179245	0.01493221	0.00519563
1995.1	0.02548839	-3.11853288	0.01426044	0.00945430	0.00298240	0.01603409	0.00480613	-3.14038817	0.01191166	0.00261210	0.00841572
1995.2	0.06432600	-3.14393070	0.01477940	0.01612254	0.00681773	0.04820346	-0.00134314	-3.12956085	0.01312439	0.00693244	0.00020343
1995.3	0.06819495	-3.17280364	0.01543835	0.00503779	0.00163086	0.06315716	0.01040056	-3.11853288	0.01426044	0.00945430	0.00298240
1995.4	0.05287230	-3.18769213	0.01579064	0.00083717	0.00985180	0.05203513	0.01495347	-3.14393070	0.01477940	0.01612254	0.00681773
1996.1	0.02076687	-3.17075255	0.01506202	0.00500836	0.00760542	0.01575851	0.01005366	-3.17280364	0.01543835	0.00503779	0.00163086
1996.2	0.01025721	-3.14362922	0.01411871	0.00994209	0.01002444	0.00031513	0.00417662	-3.18769213	0.01579064	0.00083717	0.00985180
1996.3	0.07659894	-3.18150779	0.01357469	0.00493422	0.01583614	0.07166472	0.00864047	-3.17075255	0.01506202	0.00500836	0.00760542
1996.4	0.04784019	-3.19674747	0.01347996	0.00409333	0.00641076	0.04374686	0.00938663	-3.14362922	0.01411871	0.00994209	0.01002444
1997.1	0.05530319	-3.22178004	0.01475584	0.00651468	0.01492121	0.04878851	0.00824115	-3.18150779	0.01357469	0.00493422	0.01583614
1997.2	0.06562668	-3.25831856	0.01437848	0.01370437	0.01418791	0.05192231	0.00067411	-3.19674747	0.01347996	0.00409333	0.00641076
1997.3	0.14406398	-3.37629016	0.01543835	0.01114661	0.00700357	0.13291737	0.00429174	-3.22178004	0.01475584	0.00651468	0.01492121
1997.4	-0.01312070	-3.33406223	0.01663413	0.00395101	0.01275455	-0.01707171	0.01268312	-3.25831856	0.01437848	0.01370437	0.01418791
1998.1	0.15011856	-3.45580141	0.01700810	0.00550532	0.00412947	0.14461324	0.01150278	-3.37629016	0.01543835	0.01114661	0.00700357
1998.2	-0.01441946	-3.41918825	0.01679781	0.01556452	0.00082288	-0.02998398	0.00123330	-3.33406223	0.01663413	0.00395101	0.01275455
1998.3	-0.13164631	-3.27438853	0.01759132	0.00615860	0.01868877	-0.13780492	0.01143271	-3.45580141	0.01700810	0.00550532	0.00412947
1998.4	0.15700460	-3.42074724	0.01677444	0.00000000	0.01684701	0.15700460	0.01677444	-3.41918825	0.01679781	0.01556452	0.00082288
1999.1	0.07419518	-3.48329720	0.01390598	-0.00153610	0.01034462	0.07573128	0.01544207	-3.27438853	0.01759132	0.00615860	0.01868877
