DATE	r	dp	rf	inf	dc	rr	rrf	z1	z2	z3	z4
1947.1	-0.01379268	-3.04957619	0.00088960	0.01998129	0.01121201	-0.03377397	-0.01909169	.	.	.	.
1947.2	-0.00734189	-2.98224366	0.00086962	0.00456233	-0.00368396	-0.01190422	-0.00369271	.	.	.	.
1947.3	0.01849884	-2.95420653	0.00087961	0.04299992	-0.01253346	-0.02450109	-0.04212031	-3.04957619	0.00088960	0.01998129	0.01121201
1947.4	0.03528509	-2.90020394	0.00121926	0.01868837	0.00417873	0.01659672	-0.01746911	-2.98224366	0.00086962	0.00456233	-0.00368396
1948.1	-0.00347102	-2.85047243	0.00205788	0.00000000	0.00871671	-0.00347102	0.00205788	-2.95420653	0.00087961	0.04299992	-0.01253346
1948.2	0.10871987	-2.92343022	0.00233727	0.02809028	-0.00268308	0.08062959	-0.02575301	-2.90020394	0.00121926	0.01868837	0.00417873
1948.3	-0.07746113	-2.80537641	0.00248691	0.01648999	0.00611607	-0.09395112	-0.01400309	-2.85047243	0.00205788	0.00000000	0.00871671
1948.4	-0.00547597	-2.73221483	0.00203792	-0.01786621	0.00085730	0.01239025	0.01990413	-2.92343022	0.00233727	0.02809028	-0.00268308
1949.1	0.01350539	-2.70298804	0.00122924	-0.00975825	0.00043226	0.02326364	0.01098750	-2.80537641	0.00248691	0.01648999	0.00611607
1949.2	-0.04247336	-2.62443082	0.00280606	0.00138971	-0.00934093	-0.04386306	0.00141635	-2.73221483	0.00203792	-0.01786621	0.00085730
1949.3	0.11142956	-2.72116584	0.00289580	0.00000000	0.00389828	0.11142956	0.00289580	-2.70298804	0.00122924	-0.00975825	0.00043226
1949.4	0.10059076	-2.77225278	0.00263652	-0.00984066	0.00865570	0.11043142	0.01247718	-2.62443082	0.00280606	0.00138971	-0.00934093
1950.1	0.04255936	-2.78556860	0.00262655	-0.00282692	0.01622440	0.04538629	0.00545347	-2.72116584	0.00289580	0.00000000	0.00389828
1950.2	0.02361594	-2.77629157	0.00273625	0.01127788	0.01195525	0.01233806	-0.00854162	-2.77225278	0.00263652	-0.00984066	0.00865570
1950.3	0.11207433	-2.79011746	0.00286589	0.02489784	-0.01011190	0.08717648	-0.02203195	-2.78556860	0.00262655	-0.00282692	0.01622440
1950.4	0.08179287	-2.75586534	0.00296560	0.02295118	0.01625699	0.05884169	-0.01998558	-2.77629157	0.00273625	0.01127788	0.01195525
1951.1	0.05030140	-2.76149845	0.00332447	0.03155163	-0.00652534	0.01874977	-0.02822716	-2.79011746	0.00286589	0.02489784	-0.01011190
1951.2	0.00039292	-2.72112024	0.00337430	0.00386256	0.01019856	-0.00346964	-0.00048826	-2.75586534	0.00296560	0.02295118	0.01625699
1951.3	0.12142617	-2.83708884	0.00369317	0.00771321	0.00274995	0.11371296	-0.00402004	-2.76149845	0.00332447	0.03155163	-0.00652534
1951.4	0.01721399	-2.91302849	0.00389241	0.01396680	-0.00002277	0.00324719	-0.01007438	-2.72112024	0.00337430	0.00386256	0.01019856
1952.1	0.03579273	-2.92302099	0.00386253	-0.00632878	0.01423396	0.04212151	0.01019131	-2.83708884	0.00369317	0.00771321	0.00274995
1952.2	0.02039853	-2.92081035	0.00377287	0.00758012	0.01063287	0.01281841	-0.00380725	-2.91302849	0.00389241	0.01396680	-0.00002277
1952.3	-0.01437178	-2.89162454	0.00395218	0.00752310	0.01018743	-0.02189488	-0.00357092	-2.92302099	0.00386253	-0.00632878	0.01423396
1952.4	0.08244597	-2.96757251	0.00460936	0.00000000	0.00422662	0.08244597	0.00460936	-2.92081035	0.00377287	0.00758012	0.01063287
1953.1	-0.01657664	-2.93699178	0.00409162	-0.00500910	0.00546146	-0.01156753	0.00910072	-2.89162454	0.00395218	0.00752310	0.01018743
1953.2	-0.03736548	-2.88723668	0.00485818	0.00752015	-0.00539159	-0.04488563	-0.00266197	-2.96757251	0.00460936	0.00000000	0.00422662
1953.3	-0.01700273	-2.85395497	0.00517658	0.00620285	-0.00765795	-0.02320558	-0.00102627	-2.93699178	0.00409162	-0.00500910	0.00546146
1953.4	0.07445513	-2.89565167	0.00473875	-0.00247969	0.00503342	0.07693481	0.00721844	-2.88723668	0.00485818	0.00752015	-0.00539159
1954.1	0.10515790	-2.98342828	0.00329457	0.00000000	0.00517726	0.10515790	0.00329457	-2.85395497	0.00517658	0.00620285	-0.00765795
1954.2	0.08384654	-3.04397759	0.00257668	0.00247969	0.00985862	0.08136685	0.00009699	-2.89565167	0.00473875	-0.00247969	0.00503342
1954.3	0.08827549	-3.10990932	0.00198802	-0.00371392	0.00834952	0.09198942	0.00570194	-2.98342828	0.00329457	0.00000000	0.00517726
1954.4	0.12842400	-3.19486637	0.00187824	-0.00374366	0.00666088	0.13216766	0.00562189	-3.04397759	0.00257668	0.00247969	0.00985862
1955.1	0.03675421	-3.20470175	0.00215767	0.00000000	0.00807826	0.03675421	0.00215767	-3.10990932	0.00198802	-0.00371392	0.00834952
1955.2	0.10702403	-3.28485538	0.00264649	0.00000000	0.00379070	0.10702403	0.00264649	-3.19486637	0.00187824	-0.00374366	0.00666088
1955.3	0.02201978	-3.26888048	0.00344406	0.00497790	0.01496202	0.01704188	-0.00153383	-3.20470175	0.00215767	0.00000000	0.00807826
1955.4	0.05924956	-3.26405626	0.00420116	-0.00123424	0.00612513	0.06048380	0.00543540	-3.28485538	0.00264649	0.00000000	0.00379070
1956.1	0.07585487	-3.30473332	0.00531585	0.00000000	0.00060831	0.07585487	0.00531585	-3.26888048	0.00344406	0.00497790	0.01496202
1956.2	-0.00933746	-3.25150233	0.00562415	0.01235254	0.00183769	-0.02169000	-0.00672838	-3.26405626	0.00420116	-0.00123424	0.00612513
1956.3	-0.03038705	-3.19128498	0.00613117	0.00733894	0.00645204	-0.03772598	-0.00120777	-3.30473332	0.00531585	0.00000000	0.00060831
1956.4	0.04416711	-3.23627634	0.00565399	0.00850227	0.00049677	0.03566484	-0.00284828	-3.25150233	0.00562415	0.01235254	0.00183769
1957.1	-0.02708758	-3.17727813	0.00688624	0.00723930	0.00207323	-0.03432687	-0.00035306	-3.19128498	0.00613117	0.00733894	0.00645204
1957.2	0.07343353	-3.23261984	0.00735290	0.01192507	0.00545373	0.06150846	-0.00457217	-3.23627634	0.00565399	0.00850227	0.00049677
1957.3	-0.10022042	-3.10858747	0.00747201	0.00710237	-0.00087638	-0.10732278	0.00036965	-3.17727813	0.00688624	0.00723930	0.00207323
1957.4	-0.05681483	-3.04860576	0.00802769	0.00351741	-0.00781228	-0.06033224	0.00451028	-3.23261984	0.00735290	0.01192507	0.00545373
1958.1	0.06751004	-3.10588202	0.00804753	0.01399143	0.00865138	0.05351861	-0.00594390	-3.10858747	0.00747201	0.00710237	-0.00087638
1958.2	0.08309405	-3.18515096	0.00491789	0.00347115	0.01094207	0.07962289	0.00144673	-3.04860576	0.00802769	0.00351741	-0.00781228
1958.3	0.11035373	-3.30011300	0.00219758	0.00000000	0.00350632	0.11035373	0.00219758	-3.10588202	0.00804753	0.01399143	0.00865138
1958.4	0.10805678	-3.42034962	0.00301545	0.00000000	0.00777839	0.10805678	0.00301545	-3.18515096	0.00491789	0.00347115	0.01094207
1959.1	0.02552251	-3.44030210	0.00516663	0.00000000	0.00927283	0.02552251	0.00516663	-3.30011300	0.00219758	0.00000000	0.00350632
1959.2	0.05943709	-3.48355777	0.00610135	0.00689179	0.00567150	0.05254531	-0.00079044	-3.42034962	0.00301545	0.00000000	0.00777839
1959.3	-0.02352250	-3.43946015	0.00661805	0.00456828	0.00603008	-0.02809077	0.00204977	-3.44030210	0.00516663	0.00000000	0.00927283
1959.4	0.06160673	-3.46161640	0.00746209	0.00341980	-0.00149903	0.05818693	0.00404229	-3.48355777	0.00610135	0.00689179	0.00567150
1960.1	-0.06936508	-3.36871083	0.00891019	0.00000000	0.00679343	-0.06936508	0.00891019	-3.43946015	0.00661805	0.00456828	0.00603008
1960.2	0.03990798	-3.38788637	0.00963345	0.00792477	-0.00780681	0.03198321	0.00170868	-3.46161640	0.00746209	0.00341980	-0.00149903
1960.3	-0.05098492	-3.32221062	0.00705505	0.00111881	0.00130573	-0.05210373	0.00593625	-3.36871083	0.00891019	0.00000000	0.00679343
1960.4	0.08880726	-3.41145986	0.00455959	0.00561811	0.00455101	0.08318915	-0.00105852	-3.38788637	0.00963345	0.00792477	-0.00780681
1961.1	0.12926443	-3.52907621	0.00502734	0.00000000	0.01063263	0.12926443	0.00502734	-3.32221062	0.00705505	0.00111881	0.00130573
1961.2	0.00261258	-3.52604657	0.00533574	0.00111130	-0.00142129	0.00150128	0.00422444	-3.41145986	0.00455959	0.00561811	0.00455101
1961.3	0.03808545	-3.53451166	0.00552471	0.00558054	0.01159084	0.03250492	-0.00005583	-3.52907621	0.00502734	0.00000000	0.01063263
1961.4	0.07241554	-3.57426588	0.00490794	0.00000000	0.00516282	0.07241554	0.00490794	-3.52604657	0.00533574	0.00111130	-0.00142129
1962.1	-0.02380613	-3.53564348	0.00526611	0.00445057	0.00739704	-0.02825670	0.00081554	-3.53451166	0.00552471	0.00558054	0.01159084
1962.2	-0.23867098	-3.27367526	0.00645910	0.00221085	0.00460247	-0.24088183	0.00424825	-3.57426588	0.00490794	0.00000000	0.00516282
1962.3	0.03606285	-3.30462436	0.00659818	0.00770668	0.00500997	0.02835617	-0.00110850	-3.53564348	0.00526611	0.00445057	0.00739704
1962.4	0.11803989	-3.39061359	0.00706498	-0.00220785	0.00147523	0.12024774	0.00927283	-3.27367526	0.00645910	0.00221085	0.00460247
1963.1	0.06056438	-3.44170693	0.00684651	0.00329600	0.00478895	0.05726838	0.00355051	-3.30462436	0.00659818	0.00770668	0.00500997
1963.2	0.04804322	-3.46785014	0.00705505	0.00436858	0.01058522	0.04367464	0.00268647	-3.39061359	0.00706498	-0.00220785	0.00147523
1963.3	0.03768973	-3.49334557	0.00721392	0.00436340	0.00360376	0.03332633	0.00285052	-3.44170693	0.00684651	0.00329600	0.00478895
1963.4	0.04307290	-3.50067523	0.00787888	0.00433068	0.01386686	0.03874222	0.00354820	-3.46785014	0.00705505	0.00436858	0.01058522
1964.1	0.05995805	-3.52907621	0.00853349	0.00107287	0.01288758	0.05888517	0.00746061	-3.49334557	0.00721392	0.00436340	0.00360376
1964.2	0.03674650	-3.53667352	0.00870203	0.00323914	0.01193983	0.03350737	0.00546289	-3.50067523	0.00787888	0.00433068	0.01386686
1964.3	0.03843483	-3.54533338	0.00852357	0.00322868	0.00589039	0.03520615	0.00529489	-3.52907621	0.00853349	0.00107287	0.01288758
1964.4	0.01558000	-3.53420320	0.00859297	0.00427968	0.00720903	0.01130031	0.00431329	-3.53667352	0.00870203	0.00323914	0.01193983
1965.1	0.03506691	-3.54408671	0.00893001	0.00107386	0.01032813	0.03399305	0.00785615	-3.54533338	0.00852357	0.00322868	0.00589039
1965.2	-0.02429577	-3.48953691	0.00938582	0.01060842	0.01069171	-0.03490419	-0.00122261	-3.53420320	0.00859297	0.00427968	0.00720903
1965.3	0.07820194	-3.54450209	0.00968297	0.00106139	0.02146204	0.07714054	0.00862158	-3.54408671	0.00893001	0.00107386	0.01032813
1965.4	0.04523719	-3.55487317	0.00951459	0.00630478	0.00673546	0.03893242	0.00320981	-3.48953691	0.00938582	0.01060842	0.01069171
1966.1	-0.01765086	-3.50755840	0.00994043	0.00938987	0.00807561	-0.02704073	0.00055056	-3.54450209	0.00968297	0.00106139	0.02146204
1966.2	-0.03966641	-3.43970955	0.01108830	0.00826734	0.00469096	-0.04793375	0.00282096	-3.55487317	0.00951459	0.00630478	0.00673546
1966.3	-0.09811902	-3.31027865	0.01128607	0.01025195	0.00202700	-0.10837097	0.00103412	-3.50755840	0.00994043	0.00938987	0.00807561
1966.4	0.06490252	-3.36624538	0.01162220	0.00508683	0.00824901	0.05981569	0.00653537	-3.43970955	0.01108830	0.00826734	0.00469096
1967.1	0.13510590	-3.48398134	0.01250153	0.00302943	0.00647220	0.13207648	0.00947210	-3.31027865	0.01128607	0.01025195	0.00202700
1967.2	0.02708584	-3.49865587	0.01176057	0.00806368	0.00535046	0.01902216	0.00369689	-3.36624538	0.01162220	0.00508683	0.00824901
1967.3	0.07532915	-3.55564311	0.00922730	0.00997321	0.00350249	0.06535594	-0.00074592	-3.48398134	0.01250153	0.00302943	0.00647220
1967.4	0.01301790	-3.55693933	0.00945516	0.00889790	0.01464717	0.00412000	0.00055726	-3.49865587	0.01176057	0.00806368	0.00535046
1968.1	-0.06614835	-3.47347779	0.01080145	0.01174616	0.01288440	-0.07789451	-0.00094470	-3.55564311	0.00922730	0.00997321	0.00350249
1968.2	0.12791201	-3.58049153	0.01169139	0.01160979	0.01111352	0.11630222	0.00008160	-3.55693933	0.00945516	0.00889790	0.01464717
1968.3	0.03877831	-3.60752069	0.01297545	0.01052013	0.00455122	0.02825818	0.00245532	-3.47347779	0.01080145	0.01174616	0.01288440
1968.4	0.03148219	-3.61715432	0.01322220	0.01229077	0.00765135	0.01919142	0.00093143	-3.58049153	0.01169139	0.01160979	0.01111352
1969.1	-0.03188600	-3.56910729	0.01285699	0.01492716	0.00613980	-0.04681315	-0.00207016	-3.60752069	0.01297545	0.01052013	0.00455122
1969.2	-0.04403967	-3.49400370	0.01448459	0.01561317	0.00364295	-0.05965283	-0.00112858	-3.61715432	0.01322220	0.01229077	0.00765135
1969.3	-0.03998693	-3.43281190	0.01524323	0.01358887	0.00748119	-0.05357580	0.00165436	-3.56910729	0.01285699	0.01492716	0.00613980
1969.4	0.00166961	-3.43309061	0.01653258	0.01516721	0.00752454	-0.01349761	0.00136537	-3.49400370	0.01448459	0.01561317	0.00364295
1970.1	-0.02564504	-3.39468861	0.01750587	0.01407378	0.00126162	-0.03971882	0.00343209	-3.43281190	0.01524323	0.01358887	0.00748119
1970.2	-0.22932386	-3.16720885	0.01787921	0.01559843	0.00614068	-0.24492229	0.00228078	-3.43309061	0.01653258	0.01516721	0.00752454
1970.3	0.16636662	-3.33098126	0.01608002	0.01026901	0.00387349	0.15609761	0.00581101	-3.39468861	0.01750587	0.01407378	0.00126162
1970.4	0.08931772	-3.42019673	0.01589303	0.01351576	0.00287054	0.07580196	0.00237728	-3.16720885	0.01787921	0.01559843	0.00614068
1971.1	0.11101888	-3.52945130	0.01336035	0.00586149	0.00409180	0.10515738	0.00749886	-3.33098126	0.01608002	0.01026901	0.00387349
1971.2	-0.00117669	-3.53190989	0.01009883	0.01409663	0.00214376	-0.01527332	-0.00399779	-3.42019673	0.01589303	0.01351576	0.00287054
1971.3	-0.00455034	-3.52197615	0.00941553	0.00574600	0.00926039	-0.01029634	0.00366953	-3.52945130	0.01336035	0.00586149	0.00409180
1971.4	0.04395468	-3.56857516	0.01234350	0.00733805	0.00947319	0.03661663	0.00500545	-3.53190989	0.01009883	0.01409663	0.00214376
1972.1	0.06743619	-3.63162993	0.01106852	0.00728460	0.01390482	0.06015159	0.00378392	-3.52197615	0.00941553	0.00574600	0.00926039
1972.2	0.00071774	-3.62058549	0.00807729	0.00802659	0.01001009	-0.00730884	0.00005070	-3.56857516	0.01234350	0.00733805	0.00947319
1972.3	0.02341082	-3.63594551	0.00881107	0.00955772	0.01561054	0.01385310	-0.00074665	-3.63162993	0.01106852	0.00728460	0.01390482
1972.4	0.06825660	-3.67770215	0.00937591	0.00867754	0.00714612	0.05957906	0.00069837	-3.62058549	0.00807729	0.00802659	0.01001009
1973.1	-0.07584163	-3.59004821	0.01140472	0.01944962	0.00018769	-0.09529125	-0.00804491	-3.63594551	0.00881107	0.00955772	0.01561054
1973.2	-0.07909840	-3.49291801	0.01305442	0.01982878	0.00461642	-0.09892718	-0.00677436	-3.67770215	0.00937591	0.00867754	0.00714612
1973.3	0.07432516	-3.54724101	0.01539095	0.02315165	-0.00074666	0.05117352	-0.00776070	-3.59004821	0.01140472	0.01944962	0.00018769
1973.4	-0.11212893	-3.39719540	0.02014571	0.02189272	-0.00581502	-0.13402164	-0.00174701	-3.49291801	0.01305442	0.01982878	0.00461642
1974.1	-0.01811306	-3.34676602	0.01841932	0.03267774	0.00163809	-0.05079080	-0.01425842	-3.54724101	0.01539095	0.02315165	-0.00074666
1974.2	-0.10423781	-3.20704607	0.01759431	0.02620766	0.00096166	-0.13044548	-0.00861336	-3.39719540	0.02014571	0.02189272	-0.00581502
1974.3	-0.27772910	-2.87889190	0.02102737	0.03215591	-0.00338887	-0.30988501	-0.01112854	-3.34676602	0.01841932	0.03267774	0.00163809
1974.4	0.08468025	-2.93407289	0.02099799	0.02409316	0.00517872	0.06058709	-0.00309517	-3.20704607	0.01759431	0.02620766	0.00096166
1975.1	0.21649671	-3.12329295	0.01736829	0.01532345	0.01353571	0.20117326	0.00204485	-2.87889190	0.02102737	0.03215591	-0.00338887
1975.2	0.14931960	-3.25338963	0.01426773	0.01759215	0.00326122	0.13172745	-0.00332442	-2.93407289	0.02099799	0.02409316	0.00517872
1975.3	-0.12249311	-3.12295220	0.01279776	0.01851039	0.00517161	-0.14100350	-0.00571264	-3.12329295	0.01736829	0.01532345	0.01353571
1975.4	0.07634882	-3.19435396	0.01487876	0.01636907	0.01368617	0.05997974	-0.00149031	-3.25338963	0.01426773	0.01759215	0.00326122
1976.1	0.15067436	-3.33760306	0.01446488	0.00718495	0.00716790	0.14348941	0.00727993	-3.12295220	0.01279776	0.01851039	0.00517161
1976.2	0.02512081	-3.33498838	0.01204714	0.01540749	0.00773131	0.00971333	-0.00336035	-3.19435396	0.01487876	0.01636907	0.01368617
1976.3	0.01675682	-3.31280196	0.01226448	0.01459121	0.01022501	0.00216561	-0.00232672	-3.33760306	0.01446488	0.00718495	0.00716790
1976.4	0.04098934	-3.29058667	0.01320246	0.00979799	0.00532538	0.03119135	0.00340447	-3.33498838	0.01204714	0.01540749	0.00773131
1977.1	-0.06500370	-3.16509812	0.01206690	0.02213116	0.00007651	-0.08713485	-0.01006426	-3.31280196	0.01226448	0.01459121	0.01022501
1977.2	0.04199283	-3.15517359	0.01085092	0.02000081	0.00673940	0.02199202	-0.00914989	-3.29058667	0.01320246	0.00979799	0.00532538
1977.3	-0.02886152	-3.08484768	0.01143438	0.01202712	0.01073170	-0.04088864	-0.00059274	-3.16509812	0.01206690	0.02213116	0.00007651
1977.4	0.00907569	-3.04936514	0.01288661	0.01135078	0.00832961	-0.00227509	0.00153583	-3.15517359	0.01085092	0.02000081	0.00673940
1978.1	-0.03815576	-2.97295369	0.01476053	0.01915312	0.00987504	-0.05730888	-0.00439259	-3.08484768	0.01143438	0.01202712	0.01073170
1978.2	0.08756297	-3.02143990	0.01474082	0.02909912	0.00515018	0.05846386	-0.01435830	-3.04936514	0.01288661	0.01135078	0.00832961
1978.3	0.08805758	-3.07650858	0.01577492	0.01926339	0.00401685	0.06879419	-0.00348847	-2.97295369	0.01476053	0.01915312	0.00987504
1978.4	-0.06291105	-2.97618458	0.01727984	0.01891187	0.00619139	-0.08182291	-0.00163203	-3.02143990	0.01474082	0.02909912	0.00515018
1979.1	0.08078520	-3.01503742	0.02155599	0.03009688	0.00028499	0.05068832	-0.00854089	-3.07650858	0.01577492	0.01926339	0.00401685
1979.2	0.03855896	-3.00725845	0.02310110	0.03292964	0.00199880	0.00562932	-0.00982854	-2.97618458	0.01727984	0.01891187	0.00619139
1979.3	0.07763396	-3.04477547	0.02412660	0.03321976	0.00555323	0.04441421	-0.00909316	-3.01503742	0.02155599	0.03009688	0.00028499
1979.4	0.01318272	-3.01361115	0.02353096	0.02868027	-0.00187731	-0.01549755	-0.00514931	-3.00725845	0.02310110	0.03292964	0.00199880
1980.1	-0.05610908	-2.91025207	0.02797502	0.04216132	-0.01158775	-0.09827040	-0.01418629	-3.04477547	0.02412660	0.03321976	0.00555323
1980.2	0.14168618	-3.01918515	0.02873322	0.03200796	0.00305482	0.10967822	-0.00327474	-3.01361115	0.02353096	0.02868027	-0.00187731
1980.3	0.11368755	-3.08980122	0.02663219	0.01642470	0.00697064	0.09726285	0.01020749	-2.91025207	0.02797502	0.04216132	-0.01158775
1980.4	0.08473170	-3.11386287	0.01913574	0.02627008	-0.00260473	0.05846162	-0.00713434	-3.01918515	0.02873322	0.03200796	0.00305482
1981.1	0.01691611	-3.09805297	0.03196368	0.02560239	0.00368411	-0.00868628	0.00636128	-3.08980122	0.02663219	0.01642470	0.00697064
1981.2	-0.01259802	-3.05444248	0.03295110	0.02311622	-0.00189758	-0.03571424	0.00983488	-3.11386287	0.01913574	0.02627008	-0.00260473
1981.3	-0.12085437	-2.90320779	0.03556018	0.02906408	-0.00123785	-0.14991846	0.00649609	-3.09805297	0.03196368	0.02560239	0.00368411
1981.4	0.07335826	-2.97614536	0.03741138	0.00784503	0.00060160	0.06551323	0.02956636	-3.05444248	0.03295110	0.02311622	-0.00189758
1982.1	-0.08766686	-2.85657921	0.03130485	0.00566380	0.00057908	-0.09333066	0.02564105	-2.90320779	0.03556018	0.02906408	-0.00123785
1982.2	-0.00949493	-2.81761956	0.02687559	0.02614934	0.00323789	-0.03564428	0.00072625	-2.97614536	0.03741138	0.00784503	0.00060160
1982.3	0.10919515	-2.89487388	0.03128547	0.00924832	0.00968036	0.09994683	0.02203714	-2.85657921	0.03130485	0.00566380	0.00057908
1982.4	0.17149904	-3.05416680	0.02314996	-0.00307763	0.00669326	0.17457667	0.02622759	-2.81761956	0.02687559	0.02614934	0.00323789
1983.1	0.09791043	-3.12745958	0.01891988	0.00341612	0.01082089	0.09449432	0.01550377	-2.89487388	0.03128547	0.00924832	0.00968036
1983.2	0.11560556	-3.22867367	0.01931231	0.01589187	0.00865814	0.09971369	0.00342045	-3.05416680	0.02314996	-0.00307763	0.00669326
1983.3	-0.00397489	-3.20605832	0.02063561	0.01233758	0.00833665	-0.01631247	0.00829803	-3.12745958	0.01891988	0.00341612	0.01082089
1983.4	-0.00284304	-3.17060961	0.02254396	0.00561526	0.00485276	-0.00845830	0.01692870	-3.22867367	0.01931231	0.01589187	0.00865814
1984.1	-0.03113469	-3.12263426	0.02183977	0.01244256	0.00901996	-0.04357725	0.00939721	-3.20605832	0.02063561	0.01233758	0.00833665
1984.2	-0.02606578	-3.06153025	0.02192782	0.01100395	0.00502766	-0.03706973	0.01092387	-3.17060961	0.02254396	0.00561526	0.00485276
1984.3	0.09100091	-3.13228537	0.02341375	0.01215596	0.00748440	0.07884494	0.01125778	-3.12263426	0.02183977	0.01244256	0.00901996
1984.4	0.01543526	-3.11697378	0.02497550	0.00317644	0.00960169	0.01225882	0.02179906	-3.06153025	0.02192782	0.01100395	0.00502766
1985.1	0.09339471	-3.18355694	0.02361887	0.01040405	0.00587640	0.08299066	0.01321482	-3.13228537	0.02341375	0.01215596	0.00748440
1985.2	0.06998957	-3.23282263	0.01836041	0.01090932	0.00792048	0.05908025	0.00745109	-3.11697378	0.02497550	0.00317644	0.00960169
1985.3	-0.04478191	-3.15834533	0.01928288	0.00680202	0.00699719	-0.05158393	0.01248086	-3.18355694	0.02361887	0.01040405	0.00587640
1985.4	0.15210802	-3.28718143	0.01774168	0.00889690	0.00511805	0.14321113	0.00884478	-3.23282263	0.01836041	0.01090932	0.00792048
1986.1	0.13030432	-3.39388419	0.01901801	-0.00428625	0.00464045	0.13459057	0.02330426	-3.15834533	0.01928288	0.00680202	0.00699719
1986.2	0.05153117	-3.37567584	0.01678828	0.00581317	0.00306489	0.04571800	0.01097512	-3.28718143	0.01774168	0.00889690	0.00511805
1986.3	-0.06889466	-3.28822590	0.01535156	0.00698315	0.00731289	-0.07587781	0.00836841	-3.39388419	0.01901801	-0.00428625	0.00464045
1986.4	0.04281137	-3.27759133	0.01426773	0.00272584	0.00865570	0.04008554	0.01154189	-3.37567584	0.01678828	0.00581317	0.00306489
1987.1	0.18728008	-3.44976807	0.01338995	0.01439088	0.00654793	0.17288920	-0.00100093	-3.28822590	0.01535156	0.00698315	0.00731289
1987.2	0.03718403	-3.48822694	0.01314325	0.01242902	0.00308142	0.02475500	0.00071422	-3.27759133	0.01426773	0.00272584	0.00865570
1987.3	0.06023490	-3.50077465	0.01299520	0.01256110	0.00329049	0.04767380	0.00043410	-3.44976807	0.01338995	0.01439088	0.00654793
1987.4	-0.25760431	-3.22240705	0.01377469	0.00377054	0.01064855	-0.26137485	0.01000415	-3.48822694	0.01314325	0.01242902	0.00308142
1988.1	0.07005298	-3.21927590	0.01331101	0.00948500	0.00560902	0.06056798	0.00382602	-3.50077465	0.01299520	0.01256110	0.00329049
1988.2	0.06179100	-3.26657034	0.01187916	0.01279406	0.00816867	0.04899694	-0.00091490	-3.22240705	0.01377469	0.00377054	0.01064855
1988.3	0.00215468	-3.23681070	0.01448459	0.01513989	0.00554906	-0.01298521	-0.00065530	-3.21927590	0.01331101	0.00948500	0.00560902
1988.4	0.02663511	-3.18769213	0.01713240	0.00582521	0.00038102	0.02080991	0.01130719	-3.26657034	0.01187916	0.01279406	0.00816867
1989.1	0.06783433	-3.24068697	0.01804618	0.01482810	-0.00047509	0.05300623	0.00321808	-3.23681070	0.01448459	0.01513989	0.00554906
1989.2	0.08192739	-3.26822364	0.01829168	0.01460801	0.00414101	0.06731938	0.00368367	-3.18769213	0.01713240	0.00582521	0.00038102
1989.3	0.09571192	-3.32623834	0.02163428	0.00722646	0.00503716	0.08848546	0.01440783	-3.24068697	0.01804618	0.01482810	-0.00047509
1989.4	0.01170621	-3.35782185	0.02082172	0.00876312	0.00189992	0.00294309	0.01205859	-3.26822364	0.01829168	0.01460801	0.00414101
1990.1	-0.03394776	-3.31624061	0.01963595	0.02040778	0.00357453	-0.05435554	-0.00077184	-3.32623834	0.02163428	0.00722646	0.00503716
1990.2	0.05089842	-3.34078925	0.01774168	0.00928133	0.00243812	0.04161709	0.00846035	-3.35782185	0.02082172	0.00876312	0.00189992
1990.3	-0.14524661	-3.19978423	0.01983204	0.02132612	-0.00799656	-0.16657273	-0.00149409	-3.31624061	0.01963595	0.02040778	0.00357453
1990.4	0.07880748	-3.25424397	0.01926327	0.00825355	-0.00614525	0.07055394	0.01100972	-3.34078925	0.01774168	0.00928133	0.00243812
1991.1	0.13560724	-3.37631942	0.01839968	0.00892914	0.00410609	0.12667810	0.00947054	-3.19978423	0.01983204	0.02132612	-0.00799656
1991.2	-0.00071426	-3.37980778	0.01429730	0.00738261	-0.00208402	-0.00809686	0.00691470	-3.25424397	0.01926327	0.00825355	-0.00614525
1991.3	0.05496345	-3.42577700	0.01418886	0.00878221	-0.00396217	0.04618125	0.00540665	-3.37631942	0.01839968	0.00892914	0.00410609
1991.4	0.07633307	-3.50845970	0.01402124	0.00509141	0.01123255	0.07124165	0.00892983	-3.37980778	0.01429730	0.00738261	-0.00208402
1992.1	-0.01864678	-3.48708212	0.01192857	0.01010266	0.00200583	-0.02874944	0.00182591	-3.42577700	0.01418886	0.00878221	-0.00396217
1992.2	0.01114763	-3.49621161	0.00958393	0.00644043	0.00210147	0.00470720	0.00314349	-3.50845970	0.01402124	0.00509141	0.01123255
1992.3	0.02919174	-3.51684395	0.00919757	0.00781372	0.00864372	0.02137803	0.00138385	-3.48708212	0.01192857	0.01010266	0.00200583
1992.4	0.05512813	-3.56136613	0.00824591	0.00423752	-0.00091133	0.05089061	0.00400839	-3.49621161	0.00958393	0.00644043	0.00210147
1993.1	0.04596141	-3.58972214	0.00744224	0.01191070	0.00315720	0.03405071	-0.00446846	-3.51684395	0.00919757	0.00781372	0.00864372
1993.2	0.00657534	-3.58358294	0.00707491	0.00555390	0.00557421	0.00102144	0.00152102	-3.56136613	0.00824591	0.00423752	-0.00091133
1993.3	0.03145409	-3.59980687	0.00706498	0.00483815	0.00270781	0.02661595	0.00222684	-3.58972214	0.00744224	0.01191070	0.00315720
1993.4	0.01971439	-3.60958780	0.00746209	0.00481194	0.00623728	0.01490245	0.00265015	-3.58358294	0.00707491	0.00555390	0.00557421
1994.1	-0.03959046	-3.49885431	0.00695575	0.00955496	0.00476042	-0.04914542	-0.00259921	-3.59980687	0.00706498	0.00483815	0.00270781
1994.2	-0.00153017	-3.38889339	0.00731319	0.00541844	0.00281599	-0.00694861	0.00189475	-3.60958780	0.00746209	0.00481194	0.00623728
1994.3	0.04855490	-3.42756189	0.00896965	0.00941647	0.00275096	0.03913843	-0.00044682	-3.49885431	0.00695575	0.00955496	0.00476042
1994.4	-0.01013115	-3.37681701	0.01007904	0.00200613	0.00344205	-0.01213727	0.00807291	-3.38889339	0.00731319	0.00541844	0.00281599
1995.1	0.08563076	-3.49773031	0.01193845	0.01129078	0.00433582	0.07433997	0.00064767	-3.42756189	0.00896965	0.00941647	0.00275096
1995.2	0.07991501	-3.65038978	0.01272865	0.00724058	0.00147946	0.07267443	0.00548806	-3.37681701	0.01007904	0.00200613	0.00344205
1995.3	0.07920020	-3.67873112	0.01448459	0.00457898	0.00167740	0.07462122	0.00990561	-3.49773031	0.01193845	0.01129078	0.00433582
1995.4	0.05330662	-3.72268446	0.01346889	0.00195642	0.00559003	0.05135020	0.01151247	-3.65038978	0.01272865	0.00724058	0.00147946
1996.1	0.05665882	-3.73067021	0.01376483	0.01423037	0.00487065	0.04242845	-0.00046554	-3.67873112	0.01448459	0.00457898	0.00167740
1996.2	0.03637993	-3.75016631	0.01210642	0.00640151	-0.00053455	0.02997841	0.00570491	-3.72268446	0.01346889	0.00195642	0.00559003
1996.3	0.02689755	-3.77183707	0.01278789	0.00699654	0.00531895	0.01990101	0.00579134	-3.73067021	0.01376483	0.01423037	0.00487065
1996.4	0.06984962	-3.81794895	0.01296558	0.00758422	0.00826333	0.06226540	0.00538136	-3.75016631	0.01210642	0.00640151	-0.00053455
1997.1	0.01777715	-3.85072238	0.01290635	0.00879162	0.00184777	0.00898554	0.00411474	-3.77183707	0.01278789	0.00699654	0.00531895
1997.2	0.15047038	-3.98615125	0.01208666	0.00187126	0.00942925	0.14859912	0.01021540	-3.81794895	0.01296558	0.00758422	0.00826333
1997.3	0.07960283	-4.04596357	0.01229412	0.00559812	0.00503218	0.07400471	0.00669600	-3.85072238	0.01290635	0.00879162	0.00184777
1997.4	0.03013918	-4.05952647	0.01289648	0.00062038	0.00826803	0.02951880	0.01227611	-3.98615125	0.01208666	0.00187126	0.00942925
1998.1	0.11816281	-4.16489208	0.01228424	0.00556351	0.01101959	0.11259930	0.00672073	-4.04596357	0.01229412	0.00559812	0.00503218
1998.2	0.01538537	-4.15498388	0.01251140	0.00491920	0.00697991	0.01046617	0.00759220	-4.05952647	0.01289648	0.00062038	0.00826803
1998.3	-0.13733501	-4.00088706	0.01210642	0.00367553	0.00397528	-0.14101054	0.00843089	-4.16489208	0.01228424	0.00556351	0.01101959
1998.4	0.17686518	-4.17057025	0.01174081	0.00183271	0.01225842	0.17503247	0.00990809	-4.15498388	0.01251140	0.00491920	0.00697991
